Build profile: -w ghc-9.6.6 -O2
In order, the following will be built (use -v for more details):
 - adventOfCode-2024 (exe:aoc2024)  --enable-profiling (file 2024/days/Day20.hs changed)
Preprocessing executable 'aoc2024' for adventOfCode-2024..
Building executable 'aoc2024' for adventOfCode-2024..
[29 of 32] Compiling Day20            ( 2024/days/Day20.hs, /home/xavier/adventOfCode/dist-newstyle/build/x86_64-linux/ghc-9.6.6/adventOfCode-2024/x/aoc2024/opt/build/aoc2024/aoc2024-tmp/Day20.p_o ) [Source file changed]
[33 of 33] Linking /home/xavier/adventOfCode/dist-newstyle/build/x86_64-linux/ghc-9.6.6/adventOfCode-2024/x/aoc2024/opt/build/aoc2024/aoc2024 [Objects changed]
[268,513,515,517,780,1292,1543,1804,2316,2569,3075,3077,3079,3083]
Part 1. CPU Time: 0.0009s
[257,258,259,261,262,263,265,266,267,268,268,268,268,269,513,513,513,513,515,515,515,515,517,517,517,517,517,517,517,517,519,521,521,525,771,772,773,775,777,779,780,780,780,780,781,1031,1033,1035,1287,1289,1291,1292,1292,1292,1292,1293,1543,1543,1543,1543,1543,1543,1543,1543,1543,1543,1545,1549,1799,1800,1801,1803,1804,1804,1804,1804,1805,2059,2311,2312,2313,2315,2316,2316,2316,2316,2316,2316,2317,2567,2569,2569,2569,2569,2569,2569,2573,2819,2820,2821,2823,2825,2827,2828,2829,3075,3075,3075,3075,3077,3077,3077,3077,3079,3079,3079,3079,3081,3083,3083,3083,3083,3083,3083,3330,3330,3330,3330,3330,3330,3331,3333,3334,3335,3337,3338,3339]
Part 2. CPU Time: 0.0012s
Build profile: -w ghc-9.6.6 -O2
In order, the following will be built (use -v for more details):
 - adventOfCode-2024 (exe:aoc2024)  --enable-profiling (file 2024/days/Day20.hs changed)
Preprocessing executable 'aoc2024' for adventOfCode-2024..
Building executable 'aoc2024' for adventOfCode-2024..
[29 of 32] Compiling Day20            ( 2024/days/Day20.hs, /home/xavier/adventOfCode/dist-newstyle/build/x86_64-linux/ghc-9.6.6/adventOfCode-2024/x/aoc2024/opt/build/aoc2024/aoc2024-tmp/Day20.p_o ) [Source file changed]
[33 of 33] Linking /home/xavier/adventOfCode/dist-newstyle/build/x86_64-linux/ghc-9.6.6/adventOfCode-2024/x/aoc2024/opt/build/aoc2024/aoc2024 [Objects changed]
[259,267,773,781,1287,1291,1805,2315,2819,2823,2825,2827,3333]
Part 1. CPU Time: 0.0009s
[257,257,257,257,257,257,257,257,257,257,257,258,258,258,258,258,258,258,258,258,258,258,259,259,259,259,259,259,259,259,259,259,259,261,262,263,265,265,265,265,265,265,265,266,266,266,266,266,266,266,267,267,267,267,267,267,267,268,268,268,268,269,269,269,269,269,269,269,513,513,513,513,515,515,515,515,515,515,515,515,517,519,521,525,525,525,525,525,525,525,771,771,771,771,771,771,771,772,772,772,772,772,772,772,773,773,773,773,773,773,773,775,777,779,779,779,779,779,779,779,780,780,780,780,781,781,781,781,781,781,781,1031,1033,1035,1035,1035,1035,1035,1035,1035,1287,1287,1287,1287,1287,1287,1287,1287,1287,1289,1291,1291,1291,1291,1291,1291,1291,1292,1292,1292,1292,1293,1293,1293,1293,1293,1293,1293,1293,1293,1543,1545,1549,1549,1549,1549,1549,1549,1549,1549,1549,1799,1800,1801,1803,1803,1803,1803,1803,1804,1804,1804,1804,1804,1804,1805,1805,1805,1805,1805,1805,1805,1805,1805,2059,2059,2059,2059,2059,2311,2311,2311,2311,2311,2311,2311,2312,2312,2312,2312,2312,2312,2312,2313,2313,2313,2313,2313,2313,2313,2315,2315,2315,2315,2315,2316,2317,2567,2567,2567,2567,2567,2567,2567,2569,2573,2819,2819,2819,2820,2820,2820,2821,2821,2821,2823,2823,2823,2823,2823,2823,2823,2825,2825,2825,2825,2825,2827,2827,2827,2827,2827,2828,2828,2828,2828,2828,2829,2829,2829,2829,2829,3075,3077,3077,3077,3077,3079,3079,3079,3079,3081,3083,3331,3331,3331,3331,3331,3333,3333,3333,3333,3333,3333,3333,3334,3334,3334,3334,3334,3334,3334,3335,3335,3335,3335,3335,3335,3335,3337,3338,3339]
Part 2. CPU Time: 0.0013s
